1	43964463	Efjlrzi	1491457278	290	44.58620689655172
2	44391395	Xbbbnvzh	1287406272	273	44.8058608058608
3	44328293	Xgztgwef	1457291664	279	45.73118279569893
4	44432339	Zhtcy	1607527426	318	45.21383647798742
5	44335543	Gxfiqddn	1539179152	308	45.49025974025974
6	44140052	Irsxyvv	1576153243	297	45.32659932659933
7	44301227	Xujunnry	1442437883	275	46.338181818181816
8	44108865	Gfujinq	1460681564	289	44.813148788927336
9	44438333	Nzkphyv	1428874622	297	45.88552188552188
10	44261146	Bftxkicn	1432686005	295	45.847457627118644
11	44435653	Kuwmrb	1496561638	297	45.32659932659933
12	44295430	Vdypxznw	1538735465	324	45.55864197530864
13	44423026	Dxfutg	1425724597	292	46.73972602739726
14	44264768	Uobch	1494661365	299	44.13377926421405
15	44426602	Bgkxdn	1375305544	269	45.21189591078067
16	44343280	Jgdgnepe	1397444432	280	44.56428571428572
17	44356793	Cgggqq	1387175523	291	45.68041237113402
18	44250679	Zrrkqkq	1532120774	307	44.98045602605863
19	44431492	Cxvmwzj	1427010201	298	46.38255033557047
20	44373824	Lewxr	1641001147	307	44.0
21	44138487	Durnte	1396460841	274	44.78832116788321
22	44410912	Jfksubb	1506774322	305	45.51803278688524
23	44433713	Egdrgq	1500885332	301	44.18936877076412
24	44311055	Cthgle	1466866496	299	47.424749163879596
25	44329451	Oblretag	1549468755	313	46.373801916932905
26	44360232	Krexsn	1504347557	303	44.396039603960396
27	44204074	Eoovhpbj	1352969933	282	44.6241134751773
28	44421173	Dwvrrce	1515282551	300	45.17333333333333
29	44368205	Rlxjrqse	1575634105	309	46.43689320388349
30	44157489	Ltnby	1655974647	314	44.732484076433124
