1	20093
10	3295
100	886
102	2861
103	4988
104	1201
106	948
11	1486
112	541
113	3049
119	139
12	4158
13	4463
14	4354
15	1674
16	558
17	11445
18	4279
19	5193
2	104
20	585
21	117
22	2795
23	15689
24	975
25	8092
26	10375
27	9925
28	15775
29	17830
3	8212
30	6329
31	7047
32	26699
33	15636
34	5329
35	10849
36	2066
37	11585
38	17152
39	12430
4	3455
40	13027
41	9600
42	2949
43	16755
44	11746
45	10325
46	1647
47	15289
48	43936
49	6860
5	1156
50	13097
51	11447
52	11045
53	20111
54	6739
55	26256
56	5887
57	21459
58	10572
59	24271
6	162
60	19256
61	13201
62	15592
63	11384
64	22408
65	21230
66	6904
67	14276
68	2799
69	2596
7	2463
70	4199
71	9687
72	12120
73	5462
74	9704
75	1748
76	6147
77	11025
78	8604
79	5249
8	2802
80	1883
81	5392
82	5337
83	8214
84	3484
85	9074
86	8104
87	5266
88	7657
89	13997
9	7790
90	9398
91	6280
92	185
93	6263
94	3656
95	4749
96	3681
97	5608
98	11551
