70	40	2618	457
51	53	384	210
57	9	531	314
55	35	4668	982
39	73	4963	885
71	11	3529	233
30	69	1859	939
49	32	1585	330
10	60	749	567
102	81	2828	179
69	43	1819	267
42	35	1815	325
33	67	2900	502
59	71	220	764
16	89	3674	465
45	60	4805	890
27	73	3000	687
66	86	3153	542
52	54	4227	518
50	24	4586	789
20	67	3751	441
56	52	2492	252
72	65	1355	350
26	38	2828	622
69	58	1122	696
61	34	384	256
65	60	2743	722
43	4	2924	383
16	76	3461	151
36	101	3468	379
62	69	3423	504
59	79	750	598
71	75	4029	685
82	31	3052	899
13	1	3591	731
14	37	4713	978
8	38	3379	969
65	28	4286	907
95	37	4127	977
52	88	1460	856
1	42	1600	835
30	94	4477	548
70	60	248	443
50	34	370	163
43	16	4620	989
55	40	4071	620
51	29	1295	172
70	43	2162	155
63	29	4369	689
72	54	2114	263
34	64	2521	514
1	48	2094	386
76	58	2777	732
67	45	495	941
34	49	3519	371
76	89	2801	683
75	87	3005	344
48	24	3209	492
42	39	4293	857
44	42	2279	106
77	114	1413	876
45	77	4221	951
20	34	3447	417
80	48	3208	611
91	52	3610	333
37	1	1408	188
41	8	3387	871
83	69	3570	241
25	21	1191	570
46	59	2500	696
74	58	4141	233
23	80	3138	978
27	26	591	424
59	51	3476	846
74	30	3177	834
3	21	1886	244
84	26	1670	752
71	40	4636	704
34	19	403	424
54	47	4295	62
15	62	1278	333
46	61	3410	65
53	45	4414	840
76	52	2162	304
55	19	1498	868
1	48	3657	579
33	96	479	900
47	36	1040	485
8	57	2852	457
45	20	4853	396
79	60	1480	772
75	20	1019	170
75	47	2142	489
33	23	3072	444
45	55	1161	337
23	30	4555	469
55	18	1346	666
44	65	2400	375
49	43	408	93
27	24	4658	606
43	31	3350	796
72	92	987	383
64	27	2225	99
50	40	4429	411
48	139	875	245
65	36	2124	933
9	62	4910	872
51	36	2004	762
116	42	3786	249
62	52	4433	193
33	69	1596	116
64	30	1488	213
12	48	3736	682
71	83	2030	791
34	49	1520	925
74	41	3248	145
62	68	3515	774
67	22	3892	728
80	59	2810	823
47	68	4856	223
4	56	1871	305
46	28	3052	915
72	70	3788	600
67	4	4339	636
42	65	443	296
29	64	312	888
13	55	3522	288
5	62	3288	721
87	66	4482	988
20	1	3898	571
89	74	3253	529
36	18	625	660
1	2	4631	561
70	26	2013	586
41	92	797	239
90	4	2111	122
52	63	1031	446
21	44	2831	277
98	46	3054	677
94	58	3739	118
19	72	928	536
77	57	187	259
17	53	129	807
34	51	4611	480
54	81	1806	288
25	77	4928	413
73	6	3840	507
41	56	1351	493
62	37	1118	884
70	81	2161	88
60	45	4078	150
47	55	2658	201
46	73	2723	784
54	31	804	545
56	43	2958	962
31	80	226	311
31	48	4864	924
9	47	2736	516
50	45	4544	917
17	23	1214	882
36	84	3242	398
63	51	2219	969
59	32	2419	721
18	26	1107	415
35	28	3192	678
60	63	2152	751
59	33	918	121
39	54	3564	742
12	25	1037	782
32	43	136	706
52	50	3408	127
45	61	4513	713
71	57	2267	737
18	50	1095	818
75	21	1881	642
76	69	327	305
83	76	1187	312
50	38	2017	209
58	59	3279	115
1	48	1634	917
35	48	2320	934
53	30	2628	95
47	34	2694	755
63	56	2334	168
35	45	2280	380
60	24	1430	202
44	17	243	209
41	62	3139	469
33	62	3117	646
47	41	1165	163
56	17	2958	478
73	38	1306	526
28	8	1294	592
63	17	3247	542
52	13	1439	825
1	47	3308	894
50	70	2628	561
83	105	2170	668
31	99	1034	936
51	57	3609	793
65	98	1175	728
104	61	4783	649
44	67	2559	662
66	32	3238	213
102	53	2295	202
23	33	2532	243
57	47	1309	735
72	86	4800	289
37	40	652	82
87	19	3564	369
37	19	1290	516
56	68	3803	253
1	37	2548	672
37	88	2656	921
72	106	2127	581
100	67	4529	121
17	33	2878	524
36	37	273	630
1	10	827	611
100	101	10	200