15	89	707	176
28	81	2606	64
64	34	4085	460
9	74	2136	972
13	49	4463	485
37	50	3849	290
40	63	737	429
51	65	2917	358
58	81	599	188
81	36	4651	929
65	51	2411	416
72	32	3446	220
47	31	1705	959
27	88	1790	586
87	60	4747	973
88	68	2776	238
56	40	1768	545
55	22	2740	541
90	48	2642	408
90	72	2079	356
82	93	3814	276
50	24	2991	229
53	47	4314	226
59	1	2663	919
33	37	970	862
63	65	779	117
38	42	3873	654
53	76	4467	840
102	23	1641	803
29	76	1901	133
63	33	1033	143
17	26	3178	463
63	54	4504	317
34	53	3789	537
32	33	3554	271
33	47	4446	361
12	50	3886	201
89	1	2539	530
39	90	293	183
67	98	955	859
103	33	4988	938
38	43	2868	520
48	56	4978	49
37	54	1099	667
55	53	1923	671
1	64	2040	604
65	75	3678	78
27	61	1611	910
78	62	2860	614
51	52	4773	865
76	17	1692	496
29	84	527	419
62	46	3234	546
30	39	696	776
28	1	290	784
40	18	1902	875
62	31	629	698
50	37	251	638
14	45	2105	174
59	20	3191	291
3	62	1202	279
66	73	1857	466
48	60	3063	946
26	53	1536	472
41	38	2127	179
61	71	4037	730
91	60	2804	46
60	78	3498	900
83	29	857	429
58	10	3945	67
66	70	4625	628
64	65	410	510
38	39	1698	920
43	51	3926	89
45	38	4358	974
29	73	3454	113
90	25	1262	643
4	5	3455	776
31	50	922	258
41	27	3834	994
3	28	2396	394
44	98	4532	644
54	36	1707	140
85	82	4521	702
72	50	1660	635
58	54	1468	302
53	52	4191	286
57	61	3428	864
113	27	3049	800
67	1	3519	816
29	66	1867	260
63	62	1031	919
35	71	4196	441
77	1	644	684
58	87	2013	519
39	49	3175	719
79	50	2686	404
77	17	2176	580
23	60	2666	875
61	72	4337	619
98	37	3493	401
65	84	2212	497
34	55	911	999
40	20	3237	294
29	1	4972	343
48	43	4522	425
3	46	4614	208
48	106	2650	948
33	43	2809	216
96	95	2865	743
31	33	3981	69
45	35	2315	773
38	39	1050	806
8	36	1194	549
95	49	3481	571
85	60	3209	720
93	36	1279	448
44	42	1757	572
63	18	2573	598
43	112	4743	541
86	50	3123	408
90	93	1078	985
51	76	1841	699
8	76	816	932
26	43	1325	458
90	2	2154	104
64	65	2586	949
26	15	3001	560
9	58	823	792
100	101	10	200
