65	31	123	487
1	73	1896	186
55	86	1432	284
32	71	2644	539
56	1	739	215
28	94	2026	478
33	51	591	61
43	104	3803	901
27	29	2034	430
1	41	282	401
32	59	4357	1000
52	23	3050	506
72	88	1764	217
28	50	3525	397
60	58	616	109
97	33	4800	725
23	30	4275	82
39	24	2029	166
48	27	3376	430
19	48	3817	855
37	32	1619	65
35	56	1865	866
45	44	138	883
38	104	3739	300
65	83	3108	356
48	92	4878	185
59	33	4690	437
29	119	2390	139
23	9	1474	628
28	32	2041	844
1	96	304	816
59	88	1713	822
1	49	4432	387
42	43	485	445
29	95	1490	525
55	29	4184	119
57	48	3473	737
26	61	2192	786
54	39	2403	204
77	40	4552	230
54	30	363	463
46	45	893	186
25	57	2750	326
84	1	2568	352
83	69	4548	679
60	62	2675	999
89	6	3112	162
7	44	882	302
62	19	4100	860
68	82	2402	371
93	18	3723	804
47	59	2107	971
64	72	3906	395
28	43	3668	302
17	27	3584	616
94	56	3178	519
65	14	3672	623
23	41	948	69
73	81	721	489
65	85	2801	479
71	45	2828	77
64	68	4712	159
48	54	4671	484
35	70	1961	944
102	52	1220	170
30	85	3653	639
59	47	995	619
55	56	2305	591
10	8	2905	792
75	48	675	774
51	63	1009	289
32	44	3300	179
89	58	3669	714
33	66	4237	162
57	24	4216	580
98	1	3353	127
60	58	2349	932
1	15	827	407
50	91	1413	414
71	56	4926	647
40	23	911	858
55	59	3602	237
59	69	3018	378
32	60	4736	197
39	71	1248	223
49	37	1046	107
78	27	4078	637
10	64	323	768
28	75	611	686
57	67	3859	682
25	1	2955	472
83	51	1611	341
65	69	466	785
32	54	2017	496
25	11	1744	75
1	23	1986	874
47	50	1531	776
38	32	2469	175
59	26	4907	129
37	45	3010	698
60	62	2359	706
57	79	1212	952
48	67	2071	588
14	55	737	249
32	79	4150	905
23	82	3285	450
61	59	1716	603
62	65	2646	47
35	44	222	965
77	12	3653	272
45	5	1287	380
60	67	4002	270
73	74	3275	670
88	83	3256	842
56	42	275	931
47	43	1175	631
48	16	4145	558
45	65	1092	512
7	69	1581	284
89	48	4501	720
74	79	3913	706
47	86	3498	925
26	73	1729	50
9	40	2039	985
74	14	2214	889
55	62	1211	477
11	49	1411	682
62	18	989	103
86	28	3772	614
67	43	3370	116
63	53	673	882
55	44	3648	108
41	39	2819	703
70	73	2627	302
52	74	665	592
61	35	551	877
18	49	1899	734
1	43	354	837
9	42	2164	245
22	48	1670	721
57	63	4787	73
74	78	1343	766
50	56	4593	433
38	69	302	470
49	47	2236	788
67	35	4892	955
47	48	3279	476
1	43	707	333
40	1	4088	604
48	42	4891	62
55	44	3963	978
80	52	1883	621
39	32	2005	637
19	22	516	450
98	73	3202	349
75	64	309	906
34	97	169	808
53	100	4516	886
1	57	1419	158
65	52	266	715
44	85	2042	226
27	59	1013	283
29	53	251	61
52	76	4673	486
91	22	3062	134
64	50	4431	480
30	41	1435	350
17	39	3607	271
76	21	1365	117
72	40	3880	392
100	101	10	200
